wandb_version: 1

Ne:
  desc: null
  value: 7
Nv:
  desc: null
  value: 5
_wandb:
  desc: null
  value:
    cli_version: 0.13.5
    framework: lightning
    is_jupyter_run: true
    is_kaggle_kernel: false
    m:
    - 1: trainer/global_step
      6:
      - 3
    - 1: train_loss
      5: 1
      6:
      - 1
    - 1: train_dirichlet
      5: 1
      6:
      - 1
    - 1: train_conn
      5: 1
      6:
      - 1
    - 1: train_sparse
      5: 1
      6:
      - 1
    - 1: epoch
      5: 1
      6:
      - 1
    - 1: val_loss
      5: 1
      6:
      - 1
    - 1: val_dirichlet
      5: 1
      6:
      - 1
    - 1: val_conn
      5: 1
      6:
      - 1
    - 1: val_sparse
      5: 1
      6:
      - 1
    python_version: 3.10.8
    start_time: 1669258148.913776
    t:
      1:
      - 1
      - 9
      - 55
      - 77
      2:
      - 1
      - 9
      - 55
      - 77
      3:
      - 7
      - 23
      4: 3.10.8
      5: 0.13.5
      8:
      - 1
      - 5
alpha:
  desc: null
  value: 0.0
beta:
  desc: null
  value: 0.0
de:
  desc: null
  value: 2
dv:
  desc: null
  value: 2
graph:
  desc: null
  value: Graph with 5 nodes and 7 edges
learning_rate:
  desc: null
  value: 0.0001
true_sheaf:
  desc: null
  value: "[[ 9.04885307  1.31413905  0.97017794  0.28686298 -1.17667975  2.70521039\n\
    \  -3.62818368  1.09488495 -0.94520877  0.97731228]\n [ 1.31413905  9.24735734\
    \ -0.95736915 -0.4057546  -1.17376256  3.21709311\n   1.77738292 -1.841512   -1.23636448\
    \  1.10345922]\n [ 0.97017794 -0.95736915  1.72057081  0.49475231  0.        \
    \  0.\n   0.15271735 -0.25380601  0.          0.        ]\n [ 0.28686298 -0.4057546\
    \   0.49475231  1.7199358   0.          0.\n   0.37552205  0.23580531  0.    \
    \      0.        ]\n [-1.17667975 -1.17376256  0.          0.          7.00313665\
    \ -2.26234427\n   0.          0.          4.34204508  1.50422948]\n [ 2.70521039\
    \  3.21709311  0.          0.         -2.26234427 13.50921388\n   0.         \
    \ 0.          0.88158332  1.71533554]\n [-3.62818368  1.77738292  0.15271735 \
    \ 0.37552205  0.          0.\n   3.88782226 -1.49711064 -0.02332192  0.25806896]\n\
    \ [ 1.09488495 -1.841512   -0.25380601  0.23580531  0.          0.\n  -1.49711064\
    \  3.19340406  0.25208847  0.24048411]\n [-0.94520877 -1.23636448  0.        \
    \  0.          4.34204508  0.88158332\n  -0.02332192  0.25208847  5.15676185 \
    \ 0.29818826]\n [ 0.97731228  1.10345922  0.          0.          1.50422948 \
    \ 1.71533554\n   0.25806896  0.24048411  0.29818826  2.29565278]]"
