wandb_version: 1

Ne:
  desc: null
  value: 6
Nv:
  desc: null
  value: 5
_wandb:
  desc: null
  value:
    cli_version: 0.13.5
    framework: lightning
    is_jupyter_run: true
    is_kaggle_kernel: false
    m:
    - 1: trainer/global_step
      6:
      - 3
    - 1: train_loss
      5: 1
      6:
      - 1
    - 1: train_dirichlet
      5: 1
      6:
      - 1
    - 1: train_conn
      5: 1
      6:
      - 1
    - 1: train_sparse
      5: 1
      6:
      - 1
    - 1: epoch
      5: 1
      6:
      - 1
    - 1: val_loss
      5: 1
      6:
      - 1
    - 1: val_dirichlet
      5: 1
      6:
      - 1
    - 1: val_conn
      5: 1
      6:
      - 1
    - 1: val_sparse
      5: 1
      6:
      - 1
    python_version: 3.10.8
    start_time: 1669256768.089307
    t:
      1:
      - 1
      - 9
      - 55
      - 77
      2:
      - 1
      - 9
      - 55
      - 77
      3:
      - 7
      - 23
      4: 3.10.8
      5: 0.13.5
      8:
      - 1
      - 5
alpha:
  desc: null
  value: 0.0
beta:
  desc: null
  value: 0.0
de:
  desc: null
  value: 2
dv:
  desc: null
  value: 2
graph:
  desc: null
  value: Graph with 5 nodes and 6 edges
learning_rate:
  desc: null
  value: 0.0001
true_sheaf:
  desc: null
  value: "[[ 5.45945099  2.54287198  1.20697249 -2.39008249  0.          0.\n   0.\
    \          0.          0.0664955   1.64741153]\n [ 2.54287198  1.82596667  1.01047691\
    \ -2.06825813  0.          0.\n   0.          0.         -0.01491278  0.34812925]\n\
    \ [ 1.20697249  1.01047691  6.47817632  1.65874347  0.          0.\n   2.47782466\
    \  0.55229028 -1.92840915 -0.68165286]\n [-2.39008249 -2.06825813  1.65874347\
    \ 10.22215008  0.          0.\n   3.51377682  0.48928215 -2.71881011  0.19928964]\n\
    \ [ 0.          0.          0.          0.          2.90437477 -1.4211741\n  -0.04044318\
    \ -0.78211914  0.          0.        ]\n [ 0.          0.          0.        \
    \  0.         -1.4211741   0.86941118\n   0.3117042   0.43220049  0.         \
    \ 0.        ]\n [ 0.          0.          2.47782466  3.51377682 -0.04044318 \
    \ 0.3117042\n   6.53020644  4.76522277 -1.10814107 -1.26325508]\n [ 0.       \
    \   0.          0.55229028  0.48928215 -0.78211914  0.43220049\n   4.76522277\
    \  7.24827621 -2.02689515 -2.22641603]\n [ 0.0664955  -0.01491278 -1.92840915\
    \ -2.71881011  0.          0.\n  -1.10814107 -2.02689515  4.76466635  1.03184092]\n\
    \ [ 1.64741153  0.34812925 -0.68165286  0.19928964  0.          0.\n  -1.26325508\
    \ -2.22641603  1.03184092  3.06840885]]"
